0 0,10617820552623411 0,25 1 0,5384615384615384 0,375 0,005789473684210527 0 0 0 0 0,5 0,08 0 
0 0,0906550760633344 0,4107142857142857 0 0,3076923076923077 0,25 0 1 1 0,275 1 0,5 0 0 
0 0 0,02089285714285714 1 0,5384615384615384 0,875 0,05263157894736842 1 1 0,05 0 0,5 0,05 0 
0 0,6650108661906241 0,15928571428571428 1 0,7692307692307693 0,875 0,10666666666666667 1 1 0,15 0 0,5 0,0215 0,010958904109589041 
0 0,6196833281589569 0,25285714285714284 1 0,23076923076923078 0,875 0,23684210526315788 1 1 0,075 1 0,5 0,05 0,0009784735812133072 
1 0,3972368829556039 0,17857142857142858 1 0,7692307692307693 0,875 0,17543859649122806 1 1 0,15 1 0,5 0,235 0 
1 0,2963365414467557 0,17857142857142858 1 1 0,875 0,2631578947368421 1 1 0,15 1 0,5 0 0,019569471624266144 
1 0,500620925178516 0,21571428571428572 1 0,23076923076923078 0,375 0,0014035087719298247 0 0 0 0 0,5 0 0,05264187866927593 
0 0,047966470040360164 0,32142857142857145 1 0,38461538461538464 0,375 0,02631578947368421 1 1 0,05 0 0,5 0,044 0,011565557729941292 
0 0,10229742316050919 0,20232142857142857 1 0,7692307692307693 0,375 0,09070175438596491 1 1 0,175 0 0,5 0,0645 0,06373776908023483 
0 0,05184725240608509 0,02089285714285714 0 0,38461538461538464 0,375 0,020526315789473684 1 0 0 1 0,5 0,08 0 
1 0,3997205836696678 0,0625 1 0,23076923076923078 0,375 0,007368421052631579 1 0 0 0 0,5 0,08 0 
1 0,2626513505122633 0,05357142857142857 1 0,9230769230769231 0,875 0,19298245614035087 1 1 0,075 1 0,5 0 0 
1 0,2691710648866812 0,10857142857142857 0 0,5384615384615384 0,875 0,07157894736842105 1 1 0,025 1 0,5 0,09 0,3527788649706458 
1 0,11254268860602294 0,08928571428571429 1 0,5384615384615384 0,375 0,03807017543859649 1 1 0,275 1 0,5 0,03 0,042739726027397264 
0 0,07125116423470974 0,375 0 1 0,875 0 0 0 0 1 0,5 0,077 0,0006262230919765167 
1 0,11254268860602294 0,4107142857142857 1 0,6153846153846154 0,875 0,07456140350877193 1 1 0,275 1 0,5 0,145 0,0055577299412915854 
1 0,9158646383110834 0,6785714285714286 0 0 0 0,0014035087719298247 0 1 0,05 0 0,5 0 0,0068688845401174165 
1 0,36867432474386835 0,4969642857142857 1 0,6153846153846154 0,375 0,3026315789473684 1 1 0,15 1 0,5 0,035 0 
0 0,49037565973300223 0,10714285714285714 1 1 0,375 0,4868421052631579 1 1 0,05 1 0,5 0,2595 0,03334637964774951 
1 0,10478112387457308 0,05357142857142857 0 0,38461538461538464 0,375 0,018947368421052633 0 0 0 1 0,5 0,06 0,0013111545988258317 
1 0,7373486494877367 0,019285714285714288 1 0,5384615384615384 0,375 0,020526315789473684 1 1 0,075 1 0,5 0,09 0 
0 0,07637379695746663 0,36607142857142855 1 0,7692307692307693 0,375 0,024912280701754386 1 1 0,05 1 0,5 0,0245 0 
1 0,0052778640173859305 0,0014285714285714286 1 0,5384615384615384 0,375 0,0014035087719298247 0 0 0 0 0,5 0 0 
0 0,5743557901272897 0,5357142857142857 1 0,5384615384615384 0,375 0,19298245614035087 1 1 0,35 0 0,5 0 0,043052837573385516 
1 0,0814964296802235 0,14732142857142858 0 0,15384615384615385 0,875 0,0014035087719298247 0 0 0 0 0,5 0,07 0,0019569471624266144 
1 0,04920832039739211 0,0625 0 0,5384615384615384 0,375 0,0819298245614035 0 0 0 1 0,5 0,056 0,00011741682974559687 
1 0,1862775535547966 0,05357142857142857 1 0,6153846153846154 0,375 0,07017543859649122 1 1 0,275 1 0,5 0,217 0,0006849315068493151 
0 0,333747283452344 0,08928571428571429 1 0,15384615384615385 0,875 0,007368421052631579 0 0 0 0 0,5 0,13 0,004814090019569472 
1 0,6352064576218566 0,4375 1 0,46153846153846156 0,375 0,043859649122807015 1 1 0,1 1 0,5 0,1 0 
0 0,12294318534616579 0,025357142857142856 1 0,6153846153846154 0,375 0,008771929824561403 0 1 0,025 1 0,5 0,12 7,827788649706458E-05 
0 0,388078236572493 0,125 1 0,15384615384615385 0,5 0,017543859649122806 0 0 0 0 0 0,58 0 
1 0,4062402980440857 0,3496428571428571 1 1 0,875 0,2792982456140351 1 1 0,2 0 0,5 0 0 
1 0,08801614405464141 0,4107142857142857 1 0,15384615384615385 0,375 0,017543859649122806 1 0 0 1 0,5 0,05 0,001330724070450098 
1 0,1772741384663148 0,056607142857142856 1 0,9230769230769231 0,875 0,0643859649122807 1 1 0,3 1 0,5 0,2915 0,013953033268101761 
0 0,22648245886370694 0,049107142857142856 1 0,6153846153846154 0,875 0,0014035087719298247 0 1 0,075 0 0,5 0 0,0006457925636007828 
1 0,19279726792921453 0,18 0 0,5384615384615384 0,5 0,05263157894736842 1 1 0,2 1 0,5 0,072 0,000136986301369863 
1 0,32086308599813723 0,15178571428571427 1 0,7692307692307693 0,375 0,12280701754385964 0 0 0 0 0,5 0,227 0,0009784735812133072 
1 0,21732381248059607 0,125 1 0,5384615384615384 0,375 0,005789473684210527 0 0 0 0 0,5 0,108 0 
0 0,2536479354237815 0,052142857142857144 1 0,6153846153846154 0,375 0,03807017543859649 1 1 0,4 0 0,5 0,06 0,04068493150684931 
0 0,3002173238124806 0,13392857142857142 1 0 0 0 0 1 0,15 0 0,5 0 0,003913894324853229 
1 0,3739521887612543 0,17857142857142858 1 0,15384615384615385 0,5 0,007368421052631579 0 0 0 0 0,5 0,275 0 
1 0,3376280658180689 0 1 0,5384615384615384 0,375 0 0 0 0 0 1 0,092 0 
0 0,4838559453585843 0,4642857142857143 1 0,15384615384615385 0,5 0,1812280701754386 1 1 0,225 1 0,5 0 0 
1 0,09841664079478425 0,02089285714285714 0 0 0 0 0 0 0 0 0,5 0,05 0 
1 0,4178826451412605 0,14589285714285713 1 0,38461538461538464 0,375 0,0014035087719298247 0 0 0 0 0,5 0,054 0,0019569471624266144 
1 0,3169823036324123 0,17857142857142858 1 0,5384615384615384 0,5 0,08771929824561403 1 1 0,15 0 0,5 0 0,007181996086105675 
1 0,08413536168891649 0,05357142857142857 1 0,6153846153846154 0,375 0,05263157894736842 0 0 0 0 0,5 0,075 0,00015655577299412916 
1 0,2483700714063955 0,0014285714285714286 0 0,46153846153846156 0,375 0,0014035087719298247 0 0 0 0 0,5 0 0 
0 0,07125116423470974 0,02982142857142857 1 0,7692307692307693 0,375 0,055614035087719296 1 1 0,025 0 0,5 0 0 
1 0,35454827693262964 0,0075 1 0,23076923076923078 0,375 0,0029824561403508773 1 0 0 1 0,5 0,14 0 
1 0,18503570319776466 0,02089285714285714 0 0,9230769230769231 0,375 0,008771929824561403 1 1 0,05 0 0,5 0,13 0,009784735812133072 
0 0,14234709717479044 0,03125 1 1 0,875 0,03649122807017544 1 0 0 1 0,5 0,08 0,11467710371819961 
1 0,0996584911518162 0,32142857142857145 1 0,38461538461538464 0,375 0,0029824561403508773 0 0 0 0 0,5 0 0 
1 0,2561316361378454 0,08928571428571429 1 0,5384615384615384 0,375 0,043859649122807015 0 0 0 1 0,5 0,14 0 
1 0,4889785780813412 0,23214285714285715 1 0,5384615384615384 0,375 0,03508771929824561 0 0 0 1 0,5 0 0,004461839530332681 
0 0,30922073890096247 0,03267857142857143 1 0,38461538461538464 0,375 0,02631578947368421 1 1 0,1 0 0,5 0 0,030978473581213306 
1 0,2832971126979199 0,002857142857142857 0 0,46153846153846156 0,5 0,0014035087719298247 1 1 0,025 1 0,5 0,14 0,03913894324853229 
1 0,2691710648866812 0,03571428571428571 1 1 0,375 0,02631578947368421 1 1 0,175 1 0,5 0,17 0,07966731898238748 
1 0,5110214219186588 0,30357142857142855 1 0,5384615384615384 0,875 0,43859649122807015 1 1 0,225 0 0,5 0,0905 0,032387475538160466 
1 0,07513194660043467 0,02982142857142857 0 0,5384615384615384 0,375 0,07017543859649122 0 0 0 1 0 0,12 0 
0 0,6403290903446135 0,6964285714285714 1 0,5384615384615384 0,375 0,19298245614035087 1 1 0,175 0 0,5 0 0,05870841487279843 
1 0,09577770878609128 0,028214285714285716 1 0,6153846153846154 0,375 0,010175438596491228 0 1 0,025 0 0,5 0,21 0,005538160469667319 
1 0,20319776466935735 0,013392857142857142 1 0,5384615384615384 0,375 0,010175438596491228 0 0 0 0 0,5 0,11 0,0027397260273972603 
1 0,08025457932319155 0,10714285714285714 0 0,07692307692307693 0,375 0,03807017543859649 1 1 0,2 1 0,5 0,08 1,9569471624266145E-05 
0 0,07761564731449858 0,017857142857142856 0 0,6923076923076923 0,125 0,03508771929824561 0 0 0 0 0,5 0,13 0 
0 0,16563179136914002 0,09678571428571428 0 0,5384615384615384 0,375 0,0029824561403508773 0 0 0 0 0 0,04 0 
0 0,3492704129152437 0,15767857142857142 1 0,5384615384615384 0,375 0,0043859649122807015 0 0 0 0 0,5 0,08 0 
1 0,3635516920211115 0,3392857142857143 1 0,46153846153846156 0,375 0,22807017543859648 1 1 0,35 0 0,5 0,12 0,09015655577299413 
0 0,46957466625271654 0,10714285714285714 1 0,5384615384615384 0,375 0,08333333333333333 1 1 0,2 1 0,5 0,198 0,08138943248532289 
0 0,0996584911518162 0,044642857142857144 0 0 0 0,11403508771929824 0 0 0 0 0,5 0,14 0 
1 0,7489909965849115 0,7142857142857143 1 1 0,875 0,6140350877192983 1 1 0,225 1 0,5 0 0,019569471624266144 
0 0,8202421608196213 0,5357142857142857 1 0,6923076923076923 1 0 1 1 0,35 0 0,5 0 0,0660665362035225 
0 0,0013970816516609727 0,10267857142857142 1 0,7692307692307693 0,375 0,0029824561403508773 0 0 0 0 0,5 0,06 0 
0 0,49037565973300223 0,2857142857142857 1 0,6923076923076923 0,5 0,22807017543859648 1 1 0,15 0 0,5 0,1875 1 
1 0,4554486184414778 0,05357142857142857 1 0,5384615384615384 0,375 0,08771929824561403 1 0 0 1 0,5 0,07 0 
1 0,04656938838869913 0,01482142857142857 0 0,5384615384615384 0,375 0,005789473684210527 0 1 0,025 0 0,5 0,1 1,9569471624266145E-05 
1 0,05184725240608509 0 0 0,46153846153846156 0,5 0 0 0 0 1 0 0,25 1,9569471624266145E-05 
1 0,336386215461037 0,02982142857142857 1 0,6923076923076923 0,375 0,0014035087719298247 0 0 0 0 0,5 0,06 9,784735812133073E-05 
1 0,49674014281279105 0,14875 1 1 0,5 0,0029824561403508773 0 0 0 1 0,5 0,26 0 
0 0,26777398323502016 0,05803571428571429 1 0,07692307692307693 0,375 0,018947368421052633 0 0 0 1 0,5 0 0 
1 0,2898168270723378 0,1442857142857143 0 0,15384615384615385 0,5 0,2982456140350877 1 1 0,175 1 0,5 0,0975 0 
1 0,03756597330021732 0,005892857142857143 1 0,07692307692307693 0,375 0,008771929824561403 0 0 0 1 0 0,14 0 
0 0,10353927351754114 0,30214285714285716 0 1 0,375 0,0863157894736842 0 0 0 0 0,5 0,082 0 
1 0,0402049053089103 0,3719642857142857 0 0,38461538461538464 0,375 0,0043859649122807015 1 0 0 0 0,5 0,06 0,007338551859099804 
0 0,047966470040360164 0,33035714285714285 0 0,5384615384615384 0,375 0,03508771929824561 1 1 0,1 1 0,5 0,04 0,009784735812133072 
1 0,7244644520335299 0,45535714285714285 0 0,5384615384615384 0,875 0,17543859649122806 1 0 0 0 0,5 0,056 0 
1 0,30145917416951257 0,11303571428571428 1 1 0,875 0,13157894736842105 1 0 0 1 0,5 0,34 0 
0 0,5821173548587395 0,005892857142857143 1 0 0 0 0 0 0 1 0 0,031 0,0005283757338551859 
1 0,4088792300527787 0,18 1 0,7692307692307693 0,875 0,4473684210526316 1 0 0 1 0,5 0,046 0 
0 0,27817447997516304 0,026785714285714284 1 0,23076923076923078 0,5 0,03508771929824561 1 1 0,075 1 0,5 0,106 0 
1 0,1319466004346476 0,23660714285714285 0 0,07692307692307693 0,375 0,19298245614035087 1 0 0 1 0 0,05 0 
1 0,2303632412294319 0,08928571428571429 1 0,9230769230769231 0,875 0,07894736842105263 0 0 0 1 0 0,17 0 
1 0,16175100900341507 0,055 1 0,6153846153846154 0,375 0,0043859649122807015 0 0 0 0 0,5 0,05 0 
0 0,111300838248991 0,06553571428571428 1 0,3076923076923077 0,25 0 0 1 0,025 0 0,5 0,1 0,0010371819960861056 
1 0,20832039739211425 0,5282142857142856 1 0,38461538461538464 0,375 0,17684210526315788 1 1 0,125 1 0,5 0,084 0 
1 0,29105867742936975 0 1 0,5384615384615384 0,375 0 0 0 0 0 1 0,092 0 
1 0,14234709717479044 0,4017857142857143 1 0,5384615384615384 0,375 0,08771929824561403 1 1 0,425 0 0,5 0,1 0,023639921722113502 
1 0,019403911828624623 0,008928571428571428 1 0,7692307692307693 0,375 0,011754385964912281 0 1 0,1 0 0,5 0,08 0,00015655577299412916 
1 0,26529028252095627 0,08928571428571429 1 0,38461538461538464 0,375 0,06140350877192982 0 1 0,05 1 0,5 0,36 0 
0 0,09189692642036634 0,0625 0 0,3076923076923077 0,25 0 0 0 0 0 0,5 0,08 0 
0 0,1474697298975473 0,07446428571428572 1 0,5384615384615384 0,875 0,09649122807017543 1 0 0 1 0,5 0,18 1,9569471624266145E-05 
1 0,23284694194349578 0 1 0,6153846153846154 0,375 0,043859649122807015 1 1 0,025 0 0,5 0,101 0 
0 0,3803166718410431 0,29017857142857145 0 0,23076923076923078 0,375 0,005789473684210527 0 1 0,05 0 0,5 0,092 0,0003522504892367906 
1 0,38947531822415404 0,017857142857142856 0 0,46153846153846156 0,375 0,017543859649122806 0 0 0 1 0,5 0,065 0 
1 0,5990375659733003 0,017857142857142856 0 0,23076923076923078 0,875 0,13894736842105262 1 0 0 0 0,5 0,09 0,006144814090019569 
1 0,14234709717479044 0,42857142857142855 1 0,23076923076923078 0,375 0,07894736842105263 1 1 0,05 1 0,5 0,06 9,784735812133073E-05 
0 0,26777398323502016 0,16517857142857142 1 0,7692307692307693 0,875 0,05701754385964912 1 1 0,05 0 0,5 0 0 
1 0,31574045327538036 0,19642857142857142 1 0,15384615384615385 0,5 0,17543859649122806 0 0 0 0 0,5 0,105 0,013444227005870842 
1 0,1294628997205837 0,03125 1 0,7692307692307693 0,375 0,16228070175438597 1 1 0,05 1 0,5 0,26 0,03913894324853229 
1 0,06473144986029183 0,25 1 0,5384615384615384 0,375 0,017543859649122806 0 0 0 0 0,5 0 0 
1 0,21344303011487112 0,16964285714285715 1 0,46153846153846156 0,375 0,07017543859649122 0 1 0,025 1 0,5 0,23 0,001330724070450098 
1 0,20055883266066438 0,041607142857142856 1 0,23076923076923078 0,375 0,017543859649122806 1 0 0 0 0 0,14 0 
1 0,06861223222601676 0,35571428571428576 1 0,6923076923076923 0,125 0 1 0 0 0 0,5 0 0 
0 0,10866190624029802 0,08178571428571428 1 0,7692307692307693 0,875 0,08035087719298245 1 1 0,175 1 0,5 0,07 0,04665362035225049 
1 0,1862775535547966 0,05357142857142857 1 0,6153846153846154 0,375 0,07894736842105263 0 1 0,025 1 0,5 0,05 5,8708414872798436E-05 
1 0,6300838248990996 1 0 0,5384615384615384 0,375 1 1 1 1 0 0,5 0 0,00029354207436399217 
0 0,10229742316050919 0,4017857142857143 0 1 0,875 0,02631578947368421 1 1 0,1 0 0,5 0 0,006281800391389433 
0 0,833126358273828 0,21428571428571427 1 0 0 0 0 0 0 0 0 0 0 
1 0,504501707544241 0,42857142857142855 1 0,46153846153846156 0,375 0,5614035087719298 1 0 0 0 0 0,055 0 
1 0,3002173238124806 0,08928571428571429 1 0,23076923076923078 0,375 0,15789473684210525 1 1 0,175 0 0,5 0,075 0,024853228962818004 
1 1 0,19642857142857142 1 0,5384615384615384 0,375 0,018947368421052633 1 0 0 0 0,5 0 0,006653620352250489 
0 0,01692021111456072 0,017857142857142856 1 0,15384615384615385 0,375 0,005789473684210527 0 1 0,15 1 0,5 0,12 0,0006849315068493151 
1 0,6868984787333127 0,5178571428571429 1 0 0 0,631578947368421 1 1 0,375 1 0,5 0 0,019569471624266144 
1 0,39847873331263584 0,055 1 0,15384615384615385 0,5 0,12280701754385964 0 0 0 0 0,5 0,108 0 
1 0,13458553244334057 0,47625 0 0,38461538461538464 0,375 0,0014035087719298247 0 0 0 1 0,5 0,06 0,009295499021526418 
1 0,2769326296181311 0,044642857142857144 1 0,6153846153846154 0,375 0,040877192982456144 0 0 0 0 0,5 0,06 0 
1 0,07125116423470974 0,06553571428571428 1 0,5384615384615384 0,375 0,07894736842105263 1 1 0,025 0 0,5 0,05 0,0029354207436399216 
1 0,5071406395529339 0,15178571428571427 1 0,46153846153846156 0,375 0,0043859649122807015 1 0 0 1 0,5 0,1125 0 
1 0,29757839180378765 0,12053571428571429 1 0,5384615384615384 0,875 0,2908771929824561 0 0 0 1 0,5 0 0 
1 0,10617820552623411 0,375 1 0,7692307692307693 0,875 0,04684210526315789 1 0 0 0 0,5 0,05 0 
0 0,1435889475318224 0,09071428571428572 0 0,38461538461538464 0,375 0,008771929824561403 1 0 0 1 0,5 0,185 0 
0 0,1979199006519714 0,13392857142857142 1 0,5384615384615384 0,375 0,008771929824561403 0 1 0,025 1 0,5 0,02 0,0030136986301369864 
1 0,28469419434958093 0,055 1 0,9230769230769231 0,375 0,05403508771929825 1 1 0,025 1 0,5 0,26 0,9784735812133072 
1 0,1979199006519714 0,12946428571428573 1 0,38461538461538464 0,375 0,008771929824561403 0 0 0 1 0,5 0,05 0 
1 0,11518162061471593 0,03571428571428571 1 0,5384615384615384 0,375 0,029298245614035087 1 0 0 0 0 0,15 0 
0 0,06597330021732378 0,004464285714285714 1 0,7692307692307693 0,375 0,03508771929824561 0 1 0,025 0 0,5 0,12 0,0150293542074364 
1 0,28205526234088796 0,18160714285714286 0 0,15384615384615385 0,5 0,03807017543859649 0 0 0 1 0,5 0,24 0 
1 0,0065197143744178815 0,02982142857142857 1 0,46153846153846156 0,375 0,0029824561403508773 1 0 0 0 0 0,1 0 
1 0,503259857187209 0,8958928571428572 1 0,6153846153846154 0,375 0,06140350877192982 1 1 0,075 0 0,5 0,06 0,000273972602739726 
1 0,038807823657249274 0,04321428571428571 0 0,6923076923076923 0,125 0 0 0 0 0 0,5 0,05 0 
1 0,3584290592983546 0,0625 1 0,23076923076923078 0,375 0,017543859649122806 0 0 0 1 0,5 0,15 3,913894324853229E-05 
1 0,1435889475318224 0,06107142857142857 1 1 0,375 0,05842105263157895 1 1 0,025 1 0,5 0,1975 0,0003913894324853229 
1 0,39583980130394286 0 1 0,5384615384615384 0,5 0,5263157894736842 1 0 0 0 0,5 0 0 
0 0,32474386836386215 0,1682142857142857 1 0 0 0 0 0 0 0 0,5 0,08 0 
0 0,24976715305805655 0,11160714285714286 1 0 0 0,10666666666666667 0 1 0,05 1 0,5 0,1 7,827788649706458E-05 
1 0,09453585842905932 0,019285714285714288 0 1 0,375 0,0014035087719298247 1 1 0,025 1 0,5 0,42 0,0011545988258317025 
1 0,55883266066439 0,10714285714285714 0 0 0 0,05263157894736842 0 0 0 0 0,5 0,09 7,827788649706458E-05 
1 0,3506674945669047 0,02517857142857143 1 0,5384615384615384 0,375 0,013157894736842105 0 1 0,05 0 0,5 0,1125 0,009784735812133072 
1 0,03632412294318537 0,08785714285714286 1 0,5384615384615384 0,75 0,03368421052631579 0 1 0,05 1 0,5 0,08 0,011487279843444227 
1 0,06473144986029183 0,3944642857142857 1 0,5384615384615384 0,375 0,07017543859649122 0 0 0 1 0,5 0,068 0 
1 0,0426886060229742 0,20392857142857143 1 0,07692307692307693 0,375 0,018947368421052633 0 0 0 0 0,5 0,06 0 
1 0,36479354237814343 0,20982142857142858 1 0,9230769230769231 0,875 0,3508771929824561 1 1 0,35 1 0,5 0,1995 0 
1 0,08537721204594843 0,375 1 0,5384615384615384 0,375 0,10526315789473684 1 0 0 1 0,5 0 0 
1 0,15274759391493328 0,11607142857142858 1 0,5384615384615384 0,875 0,08035087719298245 0 1 0,025 1 0,5 0,208 0,00041095890410958907 
0 0,5149022042843837 0,05357142857142857 1 0,3076923076923077 0,25 0 1 0 0 1 0,5 0,05 0,0005283757338551859 
0 0,05960881713753495 0,0075 1 0,7692307692307693 0,875 0,010175438596491228 1 1 0,275 0 0,5 0,04 0,0019373776908023484 
1 0,1707544240918969 0,019285714285714288 1 0,23076923076923078 0 0 0 0 0 0 0,5 0,05 0 
0 0,5316671841043155 0,44785714285714284 1 0,38461538461538464 0,375 0,08035087719298245 1 1 0,075 1 0,5 0,078 0 
0 0,13458553244334057 0,45535714285714285 1 0,5384615384615384 0,5 0,16666666666666666 1 1 0,05 0 0,5 0,0365 0,00868884540117417 
1 0,09701955914312323 0,39285714285714285 1 0,9230769230769231 0,375 0,023333333333333334 1 0 0 0 0,5 0,05 0 
1 0,034927041291524345 0,19642857142857142 1 0,23076923076923078 0,375 0,017543859649122806 1 0 0 0 0,5 0,04 0 
1 0,3467867122011798 0,36160714285714285 1 1 0,375 0,08771929824561403 1 1 0,15 0 0,5 0,26 0,0038356164383561643 
0 0,5602297423160509 0,23214285714285715 1 0,15384615384615385 0,5 0,10824561403508771 0 0 0 1 0,5 0,0365 0 
1 0,5679913070475008 0,05357142857142857 1 0,07692307692307693 0,375 0,13157894736842105 0 0 0 1 0,5 0 0,00684931506849315 
1 0,06737038186898481 0,20089285714285715 1 0,6153846153846154 0,375 0,06 1 0 0 0 0 0,06 0 
1 0,31574045327538036 0,015 0 0,6153846153846154 0,375 0,010175438596491228 0 0 0 1 0,5 0,1545 3,913894324853229E-05 
1 0,1203042533374728 0,02982142857142857 1 0,15384615384615385 0,875 0,0029824561403508773 0 0 0 1 0,5 0,11 9,784735812133073E-05 
1 0,36867432474386835 0,17857142857142858 1 0 0 0 0 1 0,05 0 0,5 0,0085 1,9569471624266145E-05 
1 0,1772741384663148 0,022321428571428572 1 0,38461538461538464 0,375 0,015964912280701755 1 0 0 1 0,5 0,1 0 
1 0,05572803477181002 0,05357142857142857 0 0,9230769230769231 0,375 0,07017543859649122 1 0 0 1 0,5 0,05 0,0003913894324853229 
1 0,3739521887612543 0,22178571428571428 1 0,7692307692307693 0,375 0,0014035087719298247 1 1 0,025 0 0,5 0,1 0,005870841487279843 
0 0,1178205526234089 0,028214285714285716 0 0,7692307692307693 0,375 0,05263157894736842 1 1 0,05 1 0,5 0,04 0,007827788649706457 
0 0,3803166718410431 0,2692857142857143 0 0,7692307692307693 0,875 0,2807017543859649 1 1 0,35 0 0,5 0 0,04500978473581213 
1 0,23548587395218876 0,07446428571428572 1 0,5384615384615384 0,375 0,0029824561403508773 0 0 0 0 0,5 0,15 0 
1 0,1799130704750078 0,44642857142857145 1 0,38461538461538464 0,5 0,008771929824561403 0 0 0 1 0,5 0,36 0 
1 0,2832971126979199 0,23214285714285715 1 0,38461538461538464 0,375 0,0043859649122807015 1 0 0 1 0,5 0,2215 0 
1 0,2367277243092207 0,11017857142857143 1 0,5384615384615384 0,375 0,08771929824561403 0 1 0,05 1 0,5 0,08 0,0008023483365949119 
1 0,0026389320086929514 0,11160714285714286 1 0,6153846153846154 0,375 0,0029824561403508773 0 1 0,025 0 0,5 0 0,00011741682974559687 
1 0,1449860291834834 0,10714285714285714 1 0,5384615384615384 0,375 0,043859649122807015 0 1 0,025 0 0,5 0 0,00043052837573385517 
0 0,04656938838869913 0,3392857142857143 1 0,6153846153846154 0,375 0,05701754385964912 1 1 0,15 1 0,5 0,02 0,011741682974559686 
0 0,058211735485873925 0,02375 0 0,5384615384615384 0,375 0,03508771929824561 0 1 0,025 0 0,5 1 3,913894324853229E-05 
0 0,5343061161130084 0,02982142857142857 1 0,38461538461538464 0,375 0,017543859649122806 0 0 0 1 0,5 0,12 0,002289628180039139 
1 0,554951878298665 0,5357142857142857 1 0,5384615384615384 0,375 0,2982456140350877 1 1 0,225 0 0,5 0 0 
1 0,27553554796647 0,09821428571428571 1 0,46153846153846156 0,375 0,14912280701754385 1 1 0,15 0 0,5 0,102 0 
1 0,31574045327538036 0,6473214285714286 1 0,6153846153846154 0,375 0,0029824561403508773 0 0 0 0 0,5 0,16 0,06951076320939335 
0 0,1203042533374728 0,02964285714285714 1 0,7692307692307693 0,375 0,01456140350877193 0 1 0,025 1 0,5 0,1 0,00021526418786692759 
0 0,6611300838248991 0,75 1 0,15384615384615385 0,5 0,3508771929824561 1 1 0,325 0 0,5 0 0,13111545988258316 
1 0,2443340577460416 0,022321428571428572 1 0,23076923076923078 0,375 0,008771929824561403 0 0 0 0 0,5 0,19 0,03933463796477495 
1 0,05572803477181002 0,23214285714285715 1 0,6153846153846154 0,875 0,051228070175438595 1 1 0,175 0 0,5 0,04 0,05780821917808219 
1 0,019403911828624623 0,11750000000000001 1 0,15384615384615385 0,375 0,011754385964912281 0 0 0 1 0,5 0,07 3,913894324853229E-05 
1 0,0065197143744178815 0 0 0,38461538461538464 0,375 0,008771929824561403 0 0 0 0 0,5 0,03 0 
1 0,20319776466935735 0,5357142857142857 1 0,5384615384615384 0,875 0,18719298245614036 1 1 0,275 0 0,5 0 0,04467710371819961 
1 0,3531511952809686 0,11910714285714286 1 0,6153846153846154 0,375 0,14035087719298245 1 1 0,35 0 0,5 0,1915 0,0263013698630137 
0 0,19155541757218258 0,013392857142857142 1 0,7692307692307693 0,375 0,020526315789473684 1 1 0,1 0 0,5 0,04 0 
1 0,10353927351754114 0,4107142857142857 0 0,46153846153846156 0,375 0,05263157894736842 0 0 0 1 0,5 0 0,07827788649706457 
0 0,05184725240608509 0,3066071428571429 1 0,9230769230769231 0,875 0,02631578947368421 1 1 0,175 0 0,5 0,048 0 
1 0,2443340577460416 0,0014285714285714286 0 0,07692307692307693 0,375 0,14912280701754385 0 0 0 1 0,5 0,23 0 
0 0,11005898789195905 0,044642857142857144 1 0,7692307692307693 0,375 0,008771929824561403 0 0 0 1 0,5 0,06 0,015831702544031313 
0 0,21220117975783917 0,03875 0 1 0,375 0,03508771929824561 0 0 0 0 0,5 0,14 0,0002544031311154599 
1 0,17339335610058987 0,05357142857142857 0 0,6153846153846154 0,375 0,013157894736842105 1 0 0 1 0,5 0,13 0,020841487279843446 
1 0,30922073890096247 0,08625000000000001 1 0,6153846153846154 0,375 0,0043859649122807015 0 1 0,05 0 0,5 0,11 1,9569471624266145E-05 
0 0,20055883266066438 0,13392857142857142 1 0,5384615384615384 0,375 0,03807017543859649 1 1 0,025 1 0,5 0,1855 0 
0 0,27041291524371314 0,10714285714285714 0 0,38461538461538464 0,375 0,07017543859649122 0 0 0 0 0,5 0,09 0 
1 0,14622787954051536 0,03571428571428571 1 0,38461538461538464 0,375 0,017543859649122806 0 0 0 0 0,5 0,1 0 
0 0,0814964296802235 0,17857142857142858 0 0 0 0 0 0 0 0 0,5 0 0 
1 0,25488978578081345 0,005892857142857143 0 0,5384615384615384 0,875 0,11403508771929824 1 1 0,025 1 0,5 0,216 0,15655577299412915 
0 0,22384352685501396 0,19642857142857142 1 0,23076923076923078 0,375 0,19298245614035087 0 0 0 1 0 0,05 0 
1 0,11393977025768397 0,39732142857142855 1 1 0,875 0,016140350877192983 1 1 0,025 0 0,5 0,05 0 
0 0,2561316361378454 0,019285714285714288 1 0,9230769230769231 0,375 0,0014035087719298247 1 0 0 0 0,5 0,22 0,2187279843444227 
1 0,32474386836386215 0,004464285714285714 0 0,5384615384615384 0,375 0,05263157894736842 0 0 0 1 0,5 0,116 0,0022113502935420743 
0 0,12806581806892267 0,017857142857142856 1 0,7692307692307693 0,875 0,043859649122807015 1 1 0,025 0 0,5 0 0,013268101761252446 
1 0,24200558832660665 0,5535714285714286 1 0,5384615384615384 0,375 0,017543859649122806 1 0 0 0 0,5 0,06 0 
1 0,336386215461037 0,0625 0 0,5384615384615384 0,5 0,008771929824561403 1 0 0 1 0,5 0,082 0,007827788649706457 
1 0,31822415398944426 0,13535714285714287 1 0,6153846153846154 0,375 0,040877192982456144 1 0 0 1 0,5 0,1 0 
1 0,2522508537721205 0,14285714285714285 0 0,9230769230769231 0,375 0,05263157894736842 0 0 0 1 0,5 0,06 0 
1 0,1862775535547966 0,055 1 0,6153846153846154 0,375 0,13157894736842105 1 1 0,125 1 0,5 0,05 5,8708414872798436E-05 
1 0,0038807823657249023 0,026785714285714284 1 0,5384615384615384 0,375 0,06140350877192982 1 1 0,125 1 0,5 0,176 0,01350293542074364 
1 0,26140950015523134 0,19642857142857142 1 0,7692307692307693 0,875 0,19298245614035087 1 1 0,3 1 0,5 0,204 0,019569471624266144 
1 0,0996584911518162 0,016428571428571428 1 0,23076923076923078 0,375 0,0043859649122807015 0 0 0 1 0,5 0,14 0,001076320939334638 
1 0,3235020180068302 0,07142857142857142 1 0,15384615384615385 0,375 0,008771929824561403 0 0 0 1 0,5 0,1105 0 
1 0,2187208941322571 0,06553571428571428 1 0,5384615384615384 0,875 0,15210526315789474 1 0 0 0 0,5 0,13 0,003913894324853229 
1 0,05960881713753495 0,013392857142857142 1 0,7692307692307693 0,375 0,07017543859649122 1 1 0,05 1 0,5 0,04 0 
1 0,7283452343992549 0,25 1 0,6923076923076923 1 0 0 0 0 0 0,5 0 0,00023483365949119374 
0 0,0077615647314498324 0,0075 1 0,38461538461538464 0,375 0,0043859649122807015 0 0 0 0 0,5 0,1 1,9569471624266145E-05 
1 0,28205526234088796 0,16071428571428573 1 0,38461538461538464 0,375 0,03508771929824561 1 0 0 1 0,5 0,12 0 
1 0,4062402980440857 0,007321428571428571 1 0,15384615384615385 0,875 0,17982456140350878 1 0 0 0 0,5 0,2 0 
1 0,13334368208630862 0,07142857142857142 1 0,6923076923076923 0,125 0,005789473684210527 0 1 0,05 0 0,5 0,16 0,025440313111545987 
0 0,111300838248991 0,41964285714285715 1 1 0,875 0,017543859649122806 1 1 0,05 1 0,5 0,15 0,010782778864970645 
1 0,11254268860602294 0,4107142857142857 1 0,15384615384615385 0,375 0,12280701754385964 1 1 0,225 0 0,5 0,028 0,01452054794520548 
0 0,027165476560074484 0,32142857142857145 1 0,38461538461538464 0,375 0,04824561403508772 1 0 0 1 0,5 0 0 
1 0,2458863706923316 0,5773214285714285 1 0,07692307692307693 0,375 0,10526315789473684 1 1 0,225 0 0,5 0,125 0,014285714285714285 
1 0,6805339956535238 0,055 1 0,7692307692307693 0,375 0,0043859649122807015 1 0 0 1 0,5 0,13 0 
1 0,221204594846321 0,037142857142857144 0 0,15384615384615385 0,5 0,017543859649122806 1 1 0,25 1 0,5 0,066 0,000547945205479452 
0 0,1203042533374728 0,4107142857142857 0 0,23076923076923078 0,875 0,10526315789473684 0 0 0 1 0,5 0,01 0,0003131115459882583 
1 0,502018006830177 0,27232142857142855 1 0,6153846153846154 0,875 0,543859649122807 1 1 0,3 0 0,5 0 0,015459882583170255 
1 0,25488978578081345 0,5 0 0 0 0 0 1 0,05 0 0,5 0,08 1,9569471624266145E-05 
1 0,1203042533374728 0,016428571428571428 0 0,6153846153846154 0,375 0,09210526315789473 1 1 0,15 1 0,5 0,104 0,0067906066536203525 
0 0,07761564731449858 0,30357142857142855 1 0,5384615384615384 0,375 0,005789473684210527 0 0 0 0 0,5 0 0,0068688845401174165 
1 0,2443340577460416 0,17857142857142858 0 0,38461538461538464 0,375 0,2982456140350877 1 0 0 0 0,5 0 0 
1 0,08801614405464141 0,3482142857142857 1 0,5384615384615384 0,375 0,008771929824561403 1 0 0 0 0,5 0,07 0 
0 0,14622787954051536 0,48214285714285715 0 0 0 0,07017543859649122 0 1 0,025 1 0,5 0,1 1,9569471624266145E-05 
1 0,168270723377833 0,0625 0 0,5384615384615384 0,375 0,03508771929824561 1 1 0,125 1 0,5 0,08 0,11305283757338552 
1 0,6223222601676498 0,4107142857142857 1 0 0 0,17543859649122806 1 1 0,125 0 0,5 0 0,17320939334637964 
1 0,3725551071095933 0,017857142857142856 1 0,46153846153846156 0,375 0,008771929824561403 1 0 0 0 0 0,144 0 
1 0,22260167649798202 0,23214285714285715 1 0,9230769230769231 0,375 0,10964912280701754 1 1 0,2 0 0,5 0,165 0,023483365949119372 
0 0,14234709717479044 0,39285714285714285 0 0,38461538461538464 0,375 0,15789473684210525 1 0 0 0 0,5 0,06 0 
0 0,2769326296181311 0,013392857142857142 1 0,9230769230769231 0,375 0,013157894736842105 0 0 0 0 0,5 0,15 0,0008610567514677103 
0 0,19931698230363243 0,037142857142857144 1 0,5384615384615384 0,375 0,08771929824561403 1 1 0,125 1 0,5 0,15 0,027984344422700588 
1 0,07125116423470974 0,25 1 0,5384615384615384 0,375 0,05701754385964912 1 1 0,075 0 0,5 0,1 0,027221135029354207 
1 0,034927041291524345 0,24107142857142858 0 0,46153846153846156 0,375 0,0014035087719298247 0 0 0 0 0,5 0,07 0 
1 0,6456069543619994 0,30357142857142855 1 0,6923076923076923 0,875 0,24561403508771928 1 1 0,075 0 0,5 0 0 
1 0,054330953120148996 0,3392857142857143 1 0,7692307692307693 0,375 0,03508771929824561 1 0 0 1 0,5 0,03 0,007827788649706457 
1 0,027165476560074484 0,35714285714285715 1 0,6153846153846154 0,875 0,005789473684210527 0 1 0,025 0 0,5 0,06 1,9569471624266145E-05 
1 0,2070785470350823 0,125 1 0,6153846153846154 0,375 0,12280701754385964 1 1 0,075 1 0,5 0,1645 0 
1 0,03632412294318537 0,36607142857142855 1 0,5384615384615384 0,875 0,03807017543859649 0 0 0 0 0,5 0,16 0,0002544031311154599 
0 0,4656938838869916 0,375 1 0,7692307692307693 0,375 0,17543859649122806 1 1 0,175 1 0,5 0 0 
0 0,2443340577460416 0,125 1 0,07692307692307693 0,375 0,10526315789473684 1 0 0 1 0,5 0,15 0 
0 0,08413536168891649 0,08339285714285714 1 0,15384615384615385 0,5 0,017543859649122806 1 1 0,1 0 0 0,04 0 
0 0,17851598882334677 0,05946428571428571 1 0 0 0 0 0 0 0 0,5 0,17 1,9569471624266145E-05 
0 0,03756597330021732 0,35714285714285715 1 0,6153846153846154 0,375 0,03508771929824561 0 1 0,025 0 0,5 0,06 1,9569471624266145E-05 
0 0,08801614405464141 0,21428571428571427 1 0,38461538461538464 0,375 0,08771929824561403 1 1 0,075 0 0,5 0,04 0,01796477495107632 
1 0,09453585842905932 0,017857142857142856 1 0,5384615384615384 0,375 0,0043859649122807015 0 0 0 0 0,5 0,18 0 
0 0,4579323191555417 0,03571428571428571 1 0,7692307692307693 0,375 0,0043859649122807015 0 0 0 1 0,5 0,1315 0 
0 0,03244334057746044 0,019285714285714288 1 0,5384615384615384 0,375 0,06140350877192982 0 1 0,025 1 0,5 0,04 9,784735812133073E-05 
0 0,10617820552623411 0,011964285714285715 1 0,7692307692307693 0,375 0,02631578947368421 0 0 0 0 0 0,08 0 
1 0,21484011176653214 0,05053571428571429 1 0,6153846153846154 0,875 0,02631578947368421 1 1 0,025 0 0,5 0,12 0,0019569471624266144 
0 0,07513194660043467 0,06553571428571428 1 0,7692307692307693 0,375 0,0731578947368421 1 1 0,125 0 0,5 0,11 0,04898238747553816 
1 0,09701955914312323 0,02964285714285714 1 0,5384615384615384 0,875 0,07596491228070175 0 0 0 1 0,5 0,064 0 
1 0,24976715305805655 0,15928571428571428 1 0,9230769230769231 0,875 0,21192982456140352 1 1 0,075 0 0,5 0,1555 0,005870841487279843 
1 0,168270723377833 0,5208928571428572 1 0,15384615384615385 0,5 0 0 0 0 1 0,5 0,089 0 
1 0,22260167649798202 0,03875 0 0,5384615384615384 0,375 0,0014035087719298247 0 0 0 0 0,5 0,085 0,00350293542074364 
1 0,019403911828624623 0,003035714285714286 0 0,5384615384615384 0,375 0,0014035087719298247 0 0 0 0 0,5 0,07 0,014129158512720157 
1 0,11005898789195905 0,006071428571428572 1 0,46153846153846156 0,375 0,0029824561403508773 0 0 0 0 0 0 0 
1 0,4411673393356101 0,39285714285714285 0 0,07692307692307693 0,375 0,05263157894736842 1 0 0 0 0 0 0 
1 0,15010866190624028 0,013392857142857142 1 0,46153846153846156 0,375 0,008771929824561403 1 1 0,075 0 0,5 0,13 0,29565557729941294 
1 0,5239056193728655 0,6785714285714286 1 0 0 0 1 1 0,025 0 0,5 0,047 0 
1 0,05184725240608509 0,14285714285714285 0 0,15384615384615385 0,375 0,03508771929824561 0 0 0 1 0,5 0,18 0,019569471624266144 
1 0,11642347097174788 0,05357142857142857 1 0,5384615384615384 0,875 0,04964912280701755 1 0 0 0 0,5 0,211 0,003913894324853229 
1 0,49425644209872716 0,010357142857142856 1 0,5384615384615384 0,5 0,5263157894736842 1 1 0,5 0 0,5 0 0,29354207436399216 
1 0,42564420987271034 0,10714285714285714 1 0,7692307692307693 0,875 0,21052631578947367 1 1 0,275 0 0,5 0,04 0 
1 0,2936976094380627 0,08928571428571429 1 0,9230769230769231 0,5 0,017543859649122806 0 0 0 0 0,5 0,174 0 
0 0,43992548897857814 0,2380357142857143 1 0,7692307692307693 0,375 0,25877192982456143 1 1 0,075 1 0,5 0 0 
1 0,2859360447066129 0,0625 1 0,6153846153846154 0,5 0,008771929824561403 1 0 0 1 0,5 0,0815 0 
1 0,22896615957777083 0,09678571428571428 0 0,46153846153846156 0,375 0,0043859649122807015 0 0 0 1 0 0,04 0 
1 0,05572803477181002 0,25892857142857145 1 0,46153846153846156 0,375 0,0014035087719298247 0 1 0,025 0 0,5 0,05 1,9569471624266145E-05 
0 0,11906240298044085 0,05357142857142857 1 0,6153846153846154 0,375 0,03070175438596491 0 0 0 1 0,5 0,08 0 
0 0,031046258925799413 0,39285714285714285 1 1 0,875 0,03508771929824561 1 1 0,275 0 0,5 0 0,05870841487279843 
0 0,5692331574045327 0,25 1 0,38461538461538464 0,875 0,10526315789473684 0 0 0 0 0,5 0 0 
1 0,3841974542067681 0,05357142857142857 1 0,15384615384615385 0,5 0 0 0 0 0 0 0,15 0 
1 0,6235641105246817 0,44642857142857145 1 0,23076923076923078 0,875 0,2807017543859649 1 0 0 1 0,5 0,012 0,03968688845401174 
1 0,2522508537721205 0,14285714285714285 1 0,46153846153846156 0,375 0,08771929824561403 1 0 0 1 0,5 0,18 0 
1 0,28469419434958093 0,3275 1 0,5384615384615384 0,375 0,15789473684210525 1 1 0,3 1 0,5 0 0,004324853228962818 
0 0,34802856255821174 0,21428571428571427 1 0,23076923076923078 0,375 0,03508771929824561 1 0 0 1 0,5 0 0 
1 0,21732381248059607 0,07285714285714286 0 1 0,875 0,0014035087719298247 0 0 0 0 0,5 0,064 1,9569471624266145E-05 
1 0,24060850667494563 0,6964285714285714 1 0,5384615384615384 0,375 0,24561403508771928 1 1 0,4 0 0,5 0 0,09784735812133072 
1 0,07249301459174169 0,08625000000000001 1 0,5384615384615384 0,375 0,07017543859649122 1 1 0,275 1 0,5 0,1 0,05870841487279843 
1 0,09577770878609128 0,27982142857142855 0 0,15384615384615385 0,5 0,005789473684210527 0 0 0 1 0,5 0,092 0 
1 0,2963365414467557 0,08928571428571429 1 0,6153846153846154 0,375 0 1 0 0 1 0,5 0,1195 0,003913894324853229 
1 0,333747283452344 0,23214285714285715 1 0,46153846153846156 0,875 0,14912280701754385 1 1 0,3 1 0,5 0,0465 0 
1 0,3235020180068302 0,11607142857142858 1 0,7692307692307693 0,875 0,3157894736842105 1 0 0 1 0,5 0,051 0,012504892367906067 
0 0,17215150574355792 0,48214285714285715 1 0,7692307692307693 0,875 0,17543859649122806 1 1 0,05 0 0,5 0 0,09784735812133072 
0 0,5641105246817759 0 0 0 0 0 0 0 0 0 0,5 0 0 
1 0,36230984166407953 0,05803571428571429 1 0,5384615384615384 0,375 0,05263157894736842 1 1 0,25 0 0,5 0,093 0,09197651663405088 
1 0,05184725240608509 0,3392857142857143 1 0,6153846153846154 0,375 0,05263157894736842 1 0 0 0 0,5 0,06 0,04317025440313112 
1 0,3196212356411053 0,026785714285714284 0 0,07692307692307693 0,375 0,020526315789473684 0 0 0 0 0,5 0,12 5,8708414872798436E-05 
1 0,36619062402980446 0,06107142857142857 0 0,46153846153846156 0,375 0,005789473684210527 0 0 0 0 0 0,2 0 
1 0,08537721204594843 0,26785714285714285 1 0,38461538461538464 0,375 0,04964912280701755 1 1 0,025 0 0,5 0,04 0,1917808219178082 
0 0,1823967711890717 0,10714285714285714 1 0,46153846153846156 0,375 0,09789473684210527 0 1 0,025 1 0,5 0,14 0,00019569471624266145 
1 0,19279726792921453 0,18303571428571427 1 1 0,375 0,16666666666666666 1 1 0,05 0 0,5 0,21 0,000136986301369863 
0 0,0402049053089103 0,33035714285714285 1 0,7692307692307693 0,375 0,04245614035087719 1 1 0,1 0 0,5 0,03 0,010567514677103719 
1 0,1203042533374728 0,06392857142857143 1 0,5384615384615384 0,375 0,018947368421052633 0 0 0 1 0,5 0,068 1,9569471624266145E-05 
1 0,15274759391493328 0,07892857142857143 0 0,38461538461538464 0,375 0,14035087719298245 1 0 0 0 0,5 0,094 0 
1 0,11005898789195905 0,11303571428571428 0 0,5384615384615384 0,375 0,005789473684210527 0 0 0 0 0,5 0,08 0,02070450097847358 
1 0,13846631480906552 0,019285714285714288 1 0,46153846153846156 0,375 0,03508771929824561 0 0 0 1 0,5 0,06 1,9569471624266145E-05 
1 0,500620925178516 0,13392857142857142 1 0,15384615384615385 0,5 0,03508771929824561 0 0 0 0 0,5 0,05 3,913894324853229E-05 
1 0,14886681154920833 0,019285714285714288 1 0,6153846153846154 0,375 0,005789473684210527 0 1 0,025 0 0,5 0,136 0,00868884540117417 
1 0,0906550760633344 0,041607142857142856 0 0,23076923076923078 0,375 0,08771929824561403 1 1 0,025 0 0,5 0,09 0,0003913894324853229 
1 0,0077615647314498324 0,14589285714285713 1 0,15384615384615385 0,875 0,01456140350877193 0 0 0 1 0,5 0,06 0 
1 0,502018006830177 0,125 1 0,38461538461538464 0,375 0,12280701754385964 1 0 0 0 0 0,115 0 
0 0,390717168581186 0,07285714285714286 0 0,7692307692307693 0,875 0,0043859649122807015 1 1 0,575 1 0,5 0,2275 0,024187866927592956 
1 0,12294318534616579 0,42857142857142855 1 0,5384615384615384 0,375 0,0731578947368421 0 0 0 0 0 0,04 0 
1 0,2250853772120459 0,017857142857142856 1 0,07692307692307693 0,875 0,0029824561403508773 0 0 0 1 0 0,126 0 
1 0,16050915864638313 0,02982142857142857 1 0,9230769230769231 0,375 0,040877192982456144 0 0 0 0 0,5 0,05 0 
1 0,19931698230363243 0,33339285714285716 1 0,7692307692307693 0,875 0,1987719298245614 1 1 0,15 0 0,5 0,1905 0,0032876712328767125 
1 0,11906240298044085 0,11303571428571428 0 0,23076923076923078 0,375 0,01456140350877193 0 1 0,025 1 0,5 0,14 0,0015655577299412916 
1 0,5976404843216392 0,24107142857142858 1 0,5384615384615384 0,875 0,09210526315789473 1 1 0,275 1 0,5 0 0,0055577299412915854 
0 0,14622787954051536 0,44642857142857145 1 0,07692307692307693 0,375 0,03508771929824561 0 0 0 1 0,5 0,09 0,020782778864970645 
1 0,3674324743868364 0,05803571428571429 1 0,5384615384615384 0,375 0,05263157894736842 0 0 0 0 0,5 0 0,006183953033268102 
1 0,12558211735485877 0,02375 1 0,5384615384615384 0,375 0,005789473684210527 0 0 0 0 0,5 0,05 0 
0 0,10353927351754114 0,01482142857142857 1 0,15384615384615385 0,375 0,011754385964912281 0 0 0 1 0 0,072 0 
0 0,1591120769947221 0,3094642857142857 1 0,38461538461538464 0,375 0,04964912280701755 1 0 0 0 0,5 0,08 0,0029354207436399216 
1 0,2443340577460416 0,14285714285714285 0 0,15384615384615385 0,375 0,0029824561403508773 0 0 0 1 0,5 0,2055 0 
0 0,1411052468177585 0,044642857142857144 1 0 0 0 1 0 0 0 0,5 0,04 0 
1 0,02856255821173551 0,15928571428571428 1 0,5384615384615384 0,375 0,008771929824561403 0 0 0 0 0 0,04 0 
1 0,10617820552623411 0,09071428571428572 0 0,5384615384615384 0,875 0,09070175438596491 1 0 0 0 0,5 0 0 
1 0,13334368208630862 0,4405357142857143 1 0,7692307692307693 0,875 0,055614035087719296 1 0 0 1 0,5 0,06 0 
1 0,16050915864638313 0,44642857142857145 0 0,23076923076923078 0,875 0,043859649122807015 0 0 0 1 0,5 0 0,0003326810176125245 
1 0,111300838248991 0,026785714285714284 1 0,46153846153846156 0,375 0,017543859649122806 1 0 0 1 0 0,16 0 
1 0,5083824899099658 0,007321428571428571 0 0,23076923076923078 0,375 0,008771929824561403 1 1 0,275 0 0,5 0,19 0,05346379647749511 
1 0,30145917416951257 0,5892857142857143 0 0,5384615384615384 0,375 0,14035087719298245 1 0 0 0 0,5 0,04 0 
0 0,502018006830177 0,047678571428571424 1 0,15384615384615385 0,75 0,011754385964912281 0 0 0 0 0,5 0 0,0023483365949119373 
1 0,2443340577460416 0,375 1 1 0,375 0,22807017543859648 1 0 0 0 0,5 0 0 
0 0,04656938838869913 0,3407142857142857 1 0,38461538461538464 0,375 0,0029824561403508773 1 0 0 0 0,5 0,05 0 
1 0,390717168581186 0,0014285714285714286 1 0,6923076923076923 0,375 0,0014035087719298247 0 1 0,025 0 0 0,28 0 
